circle
175 300 0 50
circle
275 300 0 50
circle
190 300 0 25
circle
260 300 0 25
bezier
65 250 85 300 115 350 150 375
bezier
150 375 175 390 200 400 220 405
bezier
220 405 210 430 225 440 230 450
bezier
230 450 260 445 260 415 240 420
bezier
240 420 230 440 231 405 239 405
bezier
239 405 265 400 280 390 300 375
bezier
300 375 335 350 350 335 380 250
bezier
380 250 370 175 360 160 355 145
bezier
360 160 400 140 345 120 320 120 
bezier
65 250 150 200 220 150 380 250
bezier
65 250 75 175 85 160 95 145
bezier
85 160 40 140 85 120 130 120
bezier
125 140 135 100 175 95 185 140
bezier
180 120 210 120 240 122 270 124
bezier
265 140 275 100 315 85 325 140
bezier
65 250 80 180 100 230 118 220
bezier
155 200 165 180 190 140 210 190
bezier
245 195 255 140 285 180 300 210
bezier
327 220 345 190 370 200 380 250
display
save
omnom.png
